0.000000    0.100000
50.000000    0.100000
100.000000    0.100000
150.000000    0.100000
200.000000    0.100000
250.000000    0.100000
300.000000    0.100000
350.000000    0.100000
400.000000    0.100000
450.000000    0.100000
500.000000    0.100000
550.000000    0.100000
600.000000    0.100000
650.000000    0.100000
700.000000    0.100000
750.000000    0.100000
800.000000    0.100000
850.000000    0.100000
900.000000    0.100000
950.000000    0.100000
1000.000000    0.100000
1050.000000    0.100000
